pygame 2.5.2 (SDL 2.28.3, Python 3.12.0)
Hello from the pygame community. https://www.pygame.org/contribute.html
After 1000 games - Mr.Q: 0.0%, Mini3: 100.1%, Draws: 0.0% , epsilon 0.9934406040860736
After 2000 games - Mr.Q: 0.0%, Mini3: 100.0%, Draws: 0.0% , epsilon 0.9868452830267941
After 3000 games - Mr.Q: 0.1%, Mini3: 99.9%, Draws: 0.0% , epsilon 0.9801996437038387
After 4000 games - Mr.Q: 0.1%, Mini3: 99.8%, Draws: 0.1% , epsilon 0.9737379922660789
After 5000 games - Mr.Q: 0.2%, Mini3: 99.8%, Draws: 0.0% , epsilon 0.9671167885570953
After 6000 games - Mr.Q: 0.0%, Mini3: 100.0%, Draws: 0.0% , epsilon 0.9605482919332737
After 7000 games - Mr.Q: 0.0%, Mini3: 100.0%, Draws: 0.0% , epsilon 0.9540453962260601
After 8000 games - Mr.Q: 0.0%, Mini3: 100.0%, Draws: 0.0% , epsilon 0.9474406078510054
After 9000 games - Mr.Q: 0.0%, Mini3: 100.0%, Draws: 0.0% , epsilon 0.9408636673673458
After 10000 games - Mr.Q: 0.1%, Mini3: 99.9%, Draws: 0.0% , epsilon 0.934260441810516
Saving the trained model, please wait...
Model saved successfully!
Number of states in Q-table: 48220
Q-table size: 1.83 MB
After 11000 games - Mr.Q: 0.3%, Mini3: 99.7%, Draws: 0.0% , epsilon 0.9275523559731057
After 12000 games - Mr.Q: 0.2%, Mini3: 99.8%, Draws: 0.0% , epsilon 0.9208896722057874
After 13000 games - Mr.Q: 0.0%, Mini3: 100.0%, Draws: 0.0% , epsilon 0.9143982825338769
After 14000 games - Mr.Q: 0.1%, Mini3: 99.9%, Draws: 0.0% , epsilon 0.9078246385755483
After 15000 games - Mr.Q: 0.0%, Mini3: 100.0%, Draws: 0.0% , epsilon 0.9012054238074524
After 16000 games - Mr.Q: 0.0%, Mini3: 100.0%, Draws: 0.0% , epsilon 0.8947015718039645
After 17000 games - Mr.Q: 0.0%, Mini3: 100.0%, Draws: 0.0% , epsilon 0.8881069897144286
After 18000 games - Mr.Q: 0.1%, Mini3: 99.9%, Draws: 0.0% , epsilon 0.8815213449766137
After 19000 games - Mr.Q: 0.2%, Mini3: 99.7%, Draws: 0.1% , epsilon 0.874917164002979
After 20000 games - Mr.Q: 0.2%, Mini3: 99.8%, Draws: 0.0% , epsilon 0.8683893798945658
Saving the trained model, please wait...
Model saved successfully!
Number of states in Q-table: 91434
Q-table size: 3.67 MB
After 21000 games - Mr.Q: 0.1%, Mini3: 99.9%, Draws: 0.0% , epsilon 0.8618741002954304
After 22000 games - Mr.Q: 0.0%, Mini3: 100.0%, Draws: 0.0% , epsilon 0.855385462671796
After 23000 games - Mr.Q: 0.3%, Mini3: 99.7%, Draws: 0.0% , epsilon 0.8488938907628606
After 24000 games - Mr.Q: 0.1%, Mini3: 99.9%, Draws: 0.0% , epsilon 0.8424675905251424
After 25000 games - Mr.Q: 0.1%, Mini3: 99.9%, Draws: 0.0% , epsilon 0.8360297423549448
After 26000 games - Mr.Q: 0.2%, Mini3: 99.8%, Draws: 0.0% , epsilon 0.8295008924435378
After 27000 games - Mr.Q: 0.3%, Mini3: 99.7%, Draws: 0.0% , epsilon 0.823082288435349
After 28000 games - Mr.Q: 0.1%, Mini3: 99.9%, Draws: 0.0% , epsilon 0.8166512831260697
After 29000 games - Mr.Q: 0.1%, Mini3: 99.9%, Draws: 0.0% , epsilon 0.8102510790502361
After 30000 games - Mr.Q: 0.3%, Mini3: 99.7%, Draws: 0.0% , epsilon 0.8037748316016174
Saving the trained model, please wait...
Model saved successfully!
Number of states in Q-table: 135949
Q-table size: 3.67 MB
After 31000 games - Mr.Q: 0.1%, Mini3: 99.9%, Draws: 0.0% , epsilon 0.7974093542225439
After 32000 games - Mr.Q: 0.5%, Mini3: 99.4%, Draws: 0.1% , epsilon 0.7910286299698782
After 33000 games - Mr.Q: 0.3%, Mini3: 99.7%, Draws: 0.0% , epsilon 0.7845789132918806
After 34000 games - Mr.Q: 0.4%, Mini3: 99.6%, Draws: 0.0% , epsilon 0.7782393725183053
After 35000 games - Mr.Q: 0.6%, Mini3: 99.4%, Draws: 0.0% , epsilon 0.7719695834478316
After 36000 games - Mr.Q: 0.2%, Mini3: 99.8%, Draws: 0.0% , epsilon 0.7657357570312203
After 37000 games - Mr.Q: 0.2%, Mini3: 99.8%, Draws: 0.0% , epsilon 0.7594391052382625
After 38000 games - Mr.Q: 0.5%, Mini3: 99.3%, Draws: 0.2% , epsilon 0.7531309651779571
After 39000 games - Mr.Q: 0.6%, Mini3: 99.4%, Draws: 0.0% , epsilon 0.746849082324574
After 40000 games - Mr.Q: 0.1%, Mini3: 99.9%, Draws: 0.0% , epsilon 0.7405403547048584
Saving the trained model, please wait...
Model saved successfully!
Number of states in Q-table: 182769
Q-table size: 7.33 MB
After 41000 games - Mr.Q: 0.5%, Mini3: 99.5%, Draws: 0.0% , epsilon 0.7343135553810255
After 42000 games - Mr.Q: 0.5%, Mini3: 99.4%, Draws: 0.1% , epsilon 0.7281944545145661
After 43000 games - Mr.Q: 0.5%, Mini3: 99.4%, Draws: 0.1% , epsilon 0.7218931354050772
After 44000 games - Mr.Q: 0.4%, Mini3: 99.6%, Draws: 0.0% , epsilon 0.7157121863200294
After 45000 games - Mr.Q: 0.8%, Mini3: 99.0%, Draws: 0.2% , epsilon 0.7095742252641175
After 46000 games - Mr.Q: 0.8%, Mini3: 99.2%, Draws: 0.0% , epsilon 0.7033327461961183
After 47000 games - Mr.Q: 0.6%, Mini3: 99.4%, Draws: 0.0% , epsilon 0.6972089137525539
After 48000 games - Mr.Q: 0.7%, Mini3: 99.3%, Draws: 0.0% , epsilon 0.6909863669713644
After 49000 games - Mr.Q: 0.4%, Mini3: 99.5%, Draws: 0.1% , epsilon 0.684950854043961
After 50000 games - Mr.Q: 1.1%, Mini3: 98.9%, Draws: 0.0% , epsilon 0.6788825144834186
Saving the trained model, please wait...
Model saved successfully!
Number of states in Q-table: 232283
Q-table size: 7.33 MB
After 51000 games - Mr.Q: 0.3%, Mini3: 99.6%, Draws: 0.1% , epsilon 0.6727649965612525
After 52000 games - Mr.Q: 1.2%, Mini3: 98.7%, Draws: 0.1% , epsilon 0.6666926040934652
After 53000 games - Mr.Q: 1.3%, Mini3: 98.6%, Draws: 0.1% , epsilon 0.6605059099381622
After 54000 games - Mr.Q: 0.6%, Mini3: 99.4%, Draws: 0.0% , epsilon 0.6544950792743582
After 55000 games - Mr.Q: 1.0%, Mini3: 99.0%, Draws: 0.0% , epsilon 0.6485947260102041
After 56000 games - Mr.Q: 1.1%, Mini3: 98.9%, Draws: 0.0% , epsilon 0.6427379240070638
After 57000 games - Mr.Q: 0.6%, Mini3: 99.3%, Draws: 0.1% , epsilon 0.6367932619171848
After 58000 games - Mr.Q: 1.0%, Mini3: 98.7%, Draws: 0.3% , epsilon 0.6310020104982504
After 59000 games - Mr.Q: 0.9%, Mini3: 98.7%, Draws: 0.4% , epsilon 0.6250840020805369
After 60000 games - Mr.Q: 1.6%, Mini3: 98.3%, Draws: 0.1% , epsilon 0.6194141050993532
Saving the trained model, please wait...
Model saved successfully!
Number of states in Q-table: 283067
Q-table size: 7.33 MB
After 61000 games - Mr.Q: 1.7%, Mini3: 98.1%, Draws: 0.2% , epsilon 0.6136053903237916
After 62000 games - Mr.Q: 1.1%, Mini3: 98.8%, Draws: 0.1% , epsilon 0.607800698685301
After 63000 games - Mr.Q: 1.1%, Mini3: 98.8%, Draws: 0.1% , epsilon 0.6021129337538517
After 64000 games - Mr.Q: 1.5%, Mini3: 98.4%, Draws: 0.1% , epsilon 0.5964300817909703
After 65000 games - Mr.Q: 1.7%, Mini3: 98.1%, Draws: 0.2% , epsilon 0.5907624647965778
After 66000 games - Mr.Q: 1.8%, Mini3: 98.1%, Draws: 0.1% , epsilon 0.5851399275449954
After 67000 games - Mr.Q: 2.0%, Mini3: 97.8%, Draws: 0.2% , epsilon 0.5795048350181129
After 68000 games - Mr.Q: 1.9%, Mini3: 98.1%, Draws: 0.0% , epsilon 0.5738821153658997
After 69000 games - Mr.Q: 2.7%, Mini3: 96.7%, Draws: 0.6% , epsilon 0.5682378018636205
After 70000 games - Mr.Q: 1.7%, Mini3: 98.3%, Draws: 0.0% , epsilon 0.5627857423726339
Saving the trained model, please wait...
Model saved successfully!
Number of states in Q-table: 334901
Q-table size: 7.33 MB
After 71000 games - Mr.Q: 2.2%, Mini3: 97.6%, Draws: 0.2% , epsilon 0.5572204745020751
After 72000 games - Mr.Q: 2.2%, Mini3: 97.6%, Draws: 0.2% , epsilon 0.5517869334673164
After 73000 games - Mr.Q: 2.6%, Mini3: 97.2%, Draws: 0.2% , epsilon 0.5464003652720436
After 74000 games - Mr.Q: 2.8%, Mini3: 96.9%, Draws: 0.3% , epsilon 0.5408954309409091
After 75000 games - Mr.Q: 2.7%, Mini3: 97.3%, Draws: 0.0% , epsilon 0.5355626983274562
After 76000 games - Mr.Q: 3.5%, Mini3: 96.2%, Draws: 0.3% , epsilon 0.5303228445889693
After 77000 games - Mr.Q: 3.9%, Mini3: 95.9%, Draws: 0.2% , epsilon 0.525084896357422
After 78000 games - Mr.Q: 3.2%, Mini3: 96.5%, Draws: 0.3% , epsilon 0.5198425367878496
After 79000 games - Mr.Q: 5.0%, Mini3: 95.0%, Draws: 0.0% , epsilon 0.5146108308709215
After 80000 games - Mr.Q: 4.3%, Mini3: 95.4%, Draws: 0.3% , epsilon 0.509478646852181
Saving the trained model, please wait...
Model saved successfully!
Number of states in Q-table: 385361
Q-table size: 14.67 MB
After 81000 games - Mr.Q: 4.4%, Mini3: 95.4%, Draws: 0.2% , epsilon 0.5043270350446369
After 82000 games - Mr.Q: 4.4%, Mini3: 95.1%, Draws: 0.5% , epsilon 0.49913666276138974
After 83000 games - Mr.Q: 4.5%, Mini3: 95.2%, Draws: 0.3% , epsilon 0.4941024708045635
After 84000 games - Mr.Q: 5.6%, Mini3: 94.1%, Draws: 0.3% , epsilon 0.4890799247163195
After 85000 games - Mr.Q: 4.3%, Mini3: 95.5%, Draws: 0.2% , epsilon 0.48402226907755397
After 86000 games - Mr.Q: 4.9%, Mini3: 94.5%, Draws: 0.6% , epsilon 0.47905811273125276
After 87000 games - Mr.Q: 5.2%, Mini3: 94.6%, Draws: 0.2% , epsilon 0.47415577448097124
After 88000 games - Mr.Q: 5.8%, Mini3: 94.1%, Draws: 0.1% , epsilon 0.4692407207546393
After 89000 games - Mr.Q: 6.1%, Mini3: 93.2%, Draws: 0.7% , epsilon 0.46436500673234427
After 90000 games - Mr.Q: 7.2%, Mini3: 92.5%, Draws: 0.3% , epsilon 0.45960337544780056
Saving the trained model, please wait...
Model saved successfully!
Number of states in Q-table: 433764
Q-table size: 14.67 MB
After 91000 games - Mr.Q: 7.3%, Mini3: 92.2%, Draws: 0.5% , epsilon 0.4547936888420891
After 92000 games - Mr.Q: 5.8%, Mini3: 93.6%, Draws: 0.6% , epsilon 0.45005863747276925
After 93000 games - Mr.Q: 7.1%, Mini3: 92.5%, Draws: 0.4% , epsilon 0.445294505976561
After 94000 games - Mr.Q: 7.6%, Mini3: 92.4%, Draws: 0.0% , epsilon 0.44056450437677275
After 95000 games - Mr.Q: 7.7%, Mini3: 91.6%, Draws: 0.7% , epsilon 0.4359000019801241
After 96000 games - Mr.Q: 8.1%, Mini3: 91.8%, Draws: 0.1% , epsilon 0.43131507628851
After 97000 games - Mr.Q: 7.0%, Mini3: 92.6%, Draws: 0.4% , epsilon 0.42674551552088696
After 98000 games - Mr.Q: 10.1%, Mini3: 89.5%, Draws: 0.4% , epsilon 0.4221829909114995
After 99000 games - Mr.Q: 9.3%, Mini3: 90.3%, Draws: 0.4% , epsilon 0.41753185561722067
After 100000 games - Mr.Q: 10.1%, Mini3: 89.5%, Draws: 0.4% , epsilon 0.4130480115211172
Saving the trained model, please wait...
Model saved successfully!
Number of states in Q-table: 480153
Q-table size: 14.67 MB
After 101000 games - Mr.Q: 8.0%, Mini3: 90.9%, Draws: 1.1% , epsilon 0.40856247141212426
After 102000 games - Mr.Q: 10.0%, Mini3: 89.7%, Draws: 0.3% , epsilon 0.4041458493144951
After 103000 games - Mr.Q: 9.0%, Mini3: 90.2%, Draws: 0.8% , epsilon 0.3997353969056989
After 104000 games - Mr.Q: 10.1%, Mini3: 89.4%, Draws: 0.5% , epsilon 0.39533788920407215
After 105000 games - Mr.Q: 12.6%, Mini3: 86.8%, Draws: 0.6% , epsilon 0.3910200390568268
After 106000 games - Mr.Q: 10.4%, Mini3: 88.8%, Draws: 0.8% , epsilon 0.3865993184237387
After 107000 games - Mr.Q: 12.5%, Mini3: 87.0%, Draws: 0.5% , epsilon 0.382360850776263
After 108000 games - Mr.Q: 12.9%, Mini3: 86.6%, Draws: 0.5% , epsilon 0.37815939730773757
After 109000 games - Mr.Q: 12.8%, Mini3: 86.5%, Draws: 0.7% , epsilon 0.3739551188519783
After 110000 games - Mr.Q: 12.6%, Mini3: 86.9%, Draws: 0.5% , epsilon 0.36984861809090297
Saving the trained model, please wait...
Model saved successfully!
Number of states in Q-table: 524228
Q-table size: 14.67 MB
After 111000 games - Mr.Q: 14.6%, Mini3: 84.8%, Draws: 0.6% , epsilon 0.3657667283878659
After 112000 games - Mr.Q: 13.1%, Mini3: 86.1%, Draws: 0.8% , epsilon 0.3616528487724819
After 113000 games - Mr.Q: 13.1%, Mini3: 86.3%, Draws: 0.6% , epsilon 0.35753768340153663
After 114000 games - Mr.Q: 14.6%, Mini3: 84.7%, Draws: 0.7% , epsilon 0.35349974324570727
After 115000 games - Mr.Q: 14.9%, Mini3: 84.5%, Draws: 0.6% , epsilon 0.3494906306033068
After 116000 games - Mr.Q: 15.5%, Mini3: 84.0%, Draws: 0.5% , epsilon 0.3455615405681482
After 117000 games - Mr.Q: 17.9%, Mini3: 81.4%, Draws: 0.7% , epsilon 0.34177298911420106
After 118000 games - Mr.Q: 16.7%, Mini3: 82.6%, Draws: 0.7% , epsilon 0.3379424911604374
After 119000 games - Mr.Q: 16.4%, Mini3: 83.2%, Draws: 0.4% , epsilon 0.334169961694936
After 120000 games - Mr.Q: 16.9%, Mini3: 82.5%, Draws: 0.6% , epsilon 0.3303698304165075
Saving the trained model, please wait...
Model saved successfully!
Number of states in Q-table: 563885
Q-table size: 14.67 MB
After 121000 games - Mr.Q: 16.0%, Mini3: 83.4%, Draws: 0.6% , epsilon 0.32665962267740073
After 122000 games - Mr.Q: 15.8%, Mini3: 83.4%, Draws: 0.8% , epsilon 0.32293908490244955
After 123000 games - Mr.Q: 19.9%, Mini3: 78.6%, Draws: 1.5% , epsilon 0.31927624763896606
After 124000 games - Mr.Q: 20.4%, Mini3: 78.6%, Draws: 1.0% , epsilon 0.3156720008171101
After 125000 games - Mr.Q: 19.4%, Mini3: 79.7%, Draws: 0.9% , epsilon 0.31205101893046977
After 126000 games - Mr.Q: 22.2%, Mini3: 77.1%, Draws: 0.7% , epsilon 0.3084789756862124
After 127000 games - Mr.Q: 21.6%, Mini3: 77.8%, Draws: 0.6% , epsilon 0.30497435319422966
After 128000 games - Mr.Q: 21.4%, Mini3: 77.5%, Draws: 1.1% , epsilon 0.3014803016148992
After 129000 games - Mr.Q: 21.1%, Mini3: 78.3%, Draws: 0.6% , epsilon 0.2980033337793577
After 130000 games - Mr.Q: 22.3%, Mini3: 76.7%, Draws: 1.0% , epsilon 0.2945803107183336
Saving the trained model, please wait...
Model saved successfully!
Number of states in Q-table: 599509
Q-table size: 14.67 MB
After 131000 games - Mr.Q: 23.6%, Mini3: 75.1%, Draws: 1.3% , epsilon 0.29121087529135437
After 132000 games - Mr.Q: 22.1%, Mini3: 76.9%, Draws: 1.0% , epsilon 0.2878468754515743
After 133000 games - Mr.Q: 25.1%, Mini3: 73.6%, Draws: 1.3% , epsilon 0.2844964144298805
After 134000 games - Mr.Q: 26.0%, Mini3: 71.8%, Draws: 2.2% , epsilon 0.2812119469473986
After 135000 games - Mr.Q: 25.5%, Mini3: 73.5%, Draws: 1.0% , epsilon 0.2779770729361177
After 136000 games - Mr.Q: 27.5%, Mini3: 71.7%, Draws: 0.8% , epsilon 0.2747692440950345
After 137000 games - Mr.Q: 27.3%, Mini3: 71.3%, Draws: 1.4% , epsilon 0.2716060381584497
After 138000 games - Mr.Q: 26.4%, Mini3: 72.4%, Draws: 1.2% , epsilon 0.26845642798933156
After 139000 games - Mr.Q: 28.2%, Mini3: 70.3%, Draws: 1.5% , epsilon 0.2653425454422425
After 140000 games - Mr.Q: 29.0%, Mini3: 69.3%, Draws: 1.7% , epsilon 0.2622653060038165
Saving the trained model, please wait...
Model saved successfully!
Number of states in Q-table: 630038
Q-table size: 14.67 MB
After 141000 games - Mr.Q: 31.2%, Mini3: 67.4%, Draws: 1.4% , epsilon 0.25930827479168855
After 142000 games - Mr.Q: 28.7%, Mini3: 69.6%, Draws: 1.7% , epsilon 0.2562618051232174
After 143000 games - Mr.Q: 31.8%, Mini3: 66.5%, Draws: 1.7% , epsilon 0.25332230034551123
After 144000 games - Mr.Q: 32.9%, Mini3: 65.2%, Draws: 1.9% , epsilon 0.2503656843554688
After 145000 games - Mr.Q: 34.9%, Mini3: 63.2%, Draws: 1.9% , epsilon 0.24744184399783753
After 146000 games - Mr.Q: 32.4%, Mini3: 64.7%, Draws: 2.9% , epsilon 0.2445056885464997
After 147000 games - Mr.Q: 30.5%, Mini3: 68.2%, Draws: 1.3% , epsilon 0.24164182523976727
After 148000 games - Mr.Q: 33.2%, Mini3: 64.9%, Draws: 1.9% , epsilon 0.2388229692243413
After 149000 games - Mr.Q: 33.2%, Mini3: 64.5%, Draws: 2.3% , epsilon 0.23602023833878177
After 150000 games - Mr.Q: 35.1%, Mini3: 63.3%, Draws: 1.6% , epsilon 0.23323360574979748
Saving the trained model, please wait...
Model saved successfully!
Number of states in Q-table: 656116
Q-table size: 14.67 MB
After 151000 games - Mr.Q: 34.5%, Mini3: 62.9%, Draws: 2.6% , epsilon 0.23045890151792014
After 152000 games - Mr.Q: 36.6%, Mini3: 61.5%, Draws: 1.9% , epsilon 0.22777733234734476
After 153000 games - Mr.Q: 35.3%, Mini3: 62.2%, Draws: 2.5% , epsilon 0.2250745168281209
After 154000 games - Mr.Q: 33.0%, Mini3: 64.5%, Draws: 2.5% , epsilon 0.2224186745923125
After 155000 games - Mr.Q: 37.1%, Mini3: 60.1%, Draws: 2.8% , epsilon 0.21975658924886504
After 156000 games - Mr.Q: 39.9%, Mini3: 58.2%, Draws: 1.9% , epsilon 0.21716957834890047
After 157000 games - Mr.Q: 37.9%, Mini3: 59.4%, Draws: 2.7% , epsilon 0.21460036036783492
After 158000 games - Mr.Q: 43.2%, Mini3: 55.3%, Draws: 1.5% , epsilon 0.21208847097961367
After 159000 games - Mr.Q: 38.5%, Mini3: 58.4%, Draws: 3.1% , epsilon 0.20957098187103224
After 160000 games - Mr.Q: 41.3%, Mini3: 55.3%, Draws: 3.4% , epsilon 0.20707405679891996
Saving the trained model, please wait...
Model saved successfully!
Number of states in Q-table: 679218
Q-table size: 14.67 MB
After 161000 games - Mr.Q: 41.4%, Mini3: 56.1%, Draws: 2.5% , epsilon 0.20461936264727526
After 162000 games - Mr.Q: 41.7%, Mini3: 55.4%, Draws: 2.9% , epsilon 0.20218325308613538
After 163000 games - Mr.Q: 45.8%, Mini3: 50.3%, Draws: 3.9% , epsilon 0.19981930312095153
After 164000 games - Mr.Q: 44.6%, Mini3: 53.8%, Draws: 1.6% , epsilon 0.19747943806835058
After 165000 games - Mr.Q: 42.8%, Mini3: 55.5%, Draws: 1.7% , epsilon 0.19512189422672135
After 166000 games - Mr.Q: 46.6%, Mini3: 50.7%, Draws: 2.7% , epsilon 0.19281910236656133
After 167000 games - Mr.Q: 42.3%, Mini3: 54.9%, Draws: 2.8% , epsilon 0.19050100114082458
After 168000 games - Mr.Q: 43.2%, Mini3: 53.1%, Draws: 3.7% , epsilon 0.18822206147895656
After 169000 games - Mr.Q: 47.0%, Mini3: 50.7%, Draws: 2.3% , epsilon 0.18600497821329914
After 170000 games - Mr.Q: 46.1%, Mini3: 50.5%, Draws: 3.4% , epsilon 0.18378644010771908
Saving the trained model, please wait...
Model saved successfully!
Number of states in Q-table: 698024
Q-table size: 14.67 MB
After 171000 games - Mr.Q: 49.7%, Mini3: 47.5%, Draws: 2.8% , epsilon 0.18164212880507016
After 172000 games - Mr.Q: 47.2%, Mini3: 49.1%, Draws: 3.7% , epsilon 0.17946001402681105
After 173000 games - Mr.Q: 47.5%, Mini3: 49.7%, Draws: 2.8% , epsilon 0.1773301792021439
After 174000 games - Mr.Q: 48.1%, Mini3: 49.2%, Draws: 2.7% , epsilon 0.17525190712499544
After 175000 games - Mr.Q: 50.6%, Mini3: 46.1%, Draws: 3.3% , epsilon 0.17321496619907786
After 176000 games - Mr.Q: 50.0%, Mini3: 47.2%, Draws: 2.8% , epsilon 0.17118423880655592
After 177000 games - Mr.Q: 51.3%, Mini3: 46.2%, Draws: 2.5% , epsilon 0.16918425555167524
After 178000 games - Mr.Q: 53.1%, Mini3: 43.9%, Draws: 3.0% , epsilon 0.1671658418369727
After 179000 games - Mr.Q: 53.5%, Mini3: 43.5%, Draws: 3.0% , epsilon 0.16518488778198914
After 180000 games - Mr.Q: 51.1%, Mini3: 45.2%, Draws: 3.7% , epsilon 0.16324324232716225
Saving the trained model, please wait...
Model saved successfully!
Number of states in Q-table: 713627
Q-table size: 29.33 MB
After 181000 games - Mr.Q: 54.3%, Mini3: 42.7%, Draws: 3.0% , epsilon 0.16134394115068662
After 182000 games - Mr.Q: 57.6%, Mini3: 39.7%, Draws: 2.7% , epsilon 0.15946195401565247
After 183000 games - Mr.Q: 54.2%, Mini3: 42.4%, Draws: 3.4% , epsilon 0.15760696255609577
After 184000 games - Mr.Q: 53.7%, Mini3: 43.6%, Draws: 2.7% , epsilon 0.15579551549963994
After 185000 games - Mr.Q: 55.1%, Mini3: 40.5%, Draws: 4.4% , epsilon 0.15398363699262374
After 186000 games - Mr.Q: 56.9%, Mini3: 39.2%, Draws: 3.9% , epsilon 0.15219237378318784
After 187000 games - Mr.Q: 56.6%, Mini3: 40.5%, Draws: 2.9% , epsilon 0.15044511478320743
After 188000 games - Mr.Q: 57.4%, Mini3: 38.8%, Draws: 3.8% , epsilon 0.14867330665083095
After 189000 games - Mr.Q: 58.7%, Mini3: 38.2%, Draws: 3.1% , epsilon 0.1469685061809611
After 190000 games - Mr.Q: 61.7%, Mini3: 34.4%, Draws: 3.9% , epsilon 0.14524475926059355
Saving the trained model, please wait...
Model saved successfully!
Number of states in Q-table: 725986
Q-table size: 29.33 MB
After 191000 games - Mr.Q: 56.7%, Mini3: 39.3%, Draws: 4.0% , epsilon 0.1435416602448072
After 192000 games - Mr.Q: 58.6%, Mini3: 38.1%, Draws: 3.3% , epsilon 0.14185002002616665
After 193000 games - Mr.Q: 58.9%, Mini3: 36.9%, Draws: 4.2% , epsilon 0.1402020079573065
After 194000 games - Mr.Q: 58.5%, Mini3: 37.8%, Draws: 3.7% , epsilon 0.13854750880266853
After 195000 games - Mr.Q: 59.3%, Mini3: 36.4%, Draws: 4.3% , epsilon 0.13691801071422002
After 196000 games - Mr.Q: 62.8%, Mini3: 33.5%, Draws: 3.7% , epsilon 0.1353513890938449
After 197000 games - Mr.Q: 61.6%, Mini3: 34.7%, Draws: 3.7% , epsilon 0.13378636988278117
After 198000 games - Mr.Q: 61.2%, Mini3: 34.9%, Draws: 3.9% , epsilon 0.13226060643819273
After 199000 games - Mr.Q: 61.5%, Mini3: 34.5%, Draws: 4.0% , epsilon 0.13071263157811092
After 200000 games - Mr.Q: 62.7%, Mini3: 32.3%, Draws: 5.0% , epsilon 0.1291973726630102
Saving the trained model, please wait...
Model saved successfully!
Number of states in Q-table: 736557
Q-table size: 29.33 MB
After 201000 games - Mr.Q: 63.7%, Mini3: 33.2%, Draws: 3.1% , epsilon 0.12768180235819088
After 202000 games - Mr.Q: 63.7%, Mini3: 32.8%, Draws: 3.5% , epsilon 0.1262266681172466
After 203000 games - Mr.Q: 64.3%, Mini3: 31.6%, Draws: 4.1% , epsilon 0.12475916991179016
After 204000 games - Mr.Q: 64.1%, Mini3: 31.1%, Draws: 4.8% , epsilon 0.12331736460660932
After 205000 games - Mr.Q: 66.9%, Mini3: 29.8%, Draws: 3.3% , epsilon 0.12190855648471768
After 206000 games - Mr.Q: 65.9%, Mini3: 29.8%, Draws: 4.3% , epsilon 0.12049873089253603
After 207000 games - Mr.Q: 67.2%, Mini3: 28.8%, Draws: 4.0% , epsilon 0.11912533988280062
After 208000 games - Mr.Q: 64.1%, Mini3: 31.1%, Draws: 4.8% , epsilon 0.11774228484832337
After 209000 games - Mr.Q: 64.9%, Mini3: 30.0%, Draws: 5.1% , epsilon 0.11635806492038404
After 210000 games - Mr.Q: 67.5%, Mini3: 28.4%, Draws: 4.1% , epsilon 0.11504095526316843
Saving the trained model, please wait...
Model saved successfully!
Number of states in Q-table: 744413
Q-table size: 29.33 MB
After 211000 games - Mr.Q: 65.2%, Mini3: 30.0%, Draws: 4.8% , epsilon 0.11373704849755327
After 212000 games - Mr.Q: 69.5%, Mini3: 28.0%, Draws: 2.5% , epsilon 0.11244825792491127
After 213000 games - Mr.Q: 68.4%, Mini3: 26.7%, Draws: 4.9% , epsilon 0.11114917083160007
After 214000 games - Mr.Q: 72.3%, Mini3: 24.3%, Draws: 3.4% , epsilon 0.10991871904786085
After 215000 games - Mr.Q: 70.7%, Mini3: 23.8%, Draws: 5.5% , epsilon 0.10868069389026384
After 216000 games - Mr.Q: 70.3%, Mini3: 26.3%, Draws: 3.4% , epsilon 0.10744404103517002
After 217000 games - Mr.Q: 70.8%, Mini3: 26.0%, Draws: 3.2% , epsilon 0.10622422156640629
After 218000 games - Mr.Q: 71.1%, Mini3: 25.0%, Draws: 3.9% , epsilon 0.10500365426094242
After 219000 games - Mr.Q: 70.6%, Mini3: 25.7%, Draws: 3.7% , epsilon 0.10384154655426935
After 220000 games - Mr.Q: 70.0%, Mini3: 25.2%, Draws: 4.8% , epsilon 0.10264989706632617
Saving the trained model, please wait...
Model saved successfully!
Number of states in Q-table: 751068
Q-table size: 29.33 MB
After 221000 games - Mr.Q: 74.7%, Mini3: 21.5%, Draws: 3.8% , epsilon 0.10148805786010749
After 222000 games - Mr.Q: 73.3%, Mini3: 23.7%, Draws: 3.0% , epsilon 0.1003474967117061
After 223000 games - Mr.Q: 72.3%, Mini3: 24.6%, Draws: 3.1% , epsilon 0.09921489196928257
After 224000 games - Mr.Q: 72.0%, Mini3: 23.6%, Draws: 4.4% , epsilon 0.09807211916700789
After 225000 games - Mr.Q: 73.2%, Mini3: 22.3%, Draws: 4.5% , epsilon 0.09697082036247628
After 226000 games - Mr.Q: 74.8%, Mini3: 22.2%, Draws: 3.0% , epsilon 0.09588294327686764
After 227000 games - Mr.Q: 76.9%, Mini3: 19.2%, Draws: 3.9% , epsilon 0.09481513998579873
After 228000 games - Mr.Q: 74.1%, Mini3: 21.7%, Draws: 4.2% , epsilon 0.09374582170054478
After 229000 games - Mr.Q: 74.8%, Mini3: 22.6%, Draws: 2.6% , epsilon 0.09269162188408721
After 230000 games - Mr.Q: 72.8%, Mini3: 24.0%, Draws: 3.2% , epsilon 0.09164808542656176
Saving the trained model, please wait...
Model saved successfully!
Number of states in Q-table: 756004
Q-table size: 29.33 MB
After 231000 games - Mr.Q: 73.5%, Mini3: 22.9%, Draws: 3.6% , epsilon 0.09062544997490177
After 232000 games - Mr.Q: 76.0%, Mini3: 20.8%, Draws: 3.2% , epsilon 0.08963421159163772
After 233000 games - Mr.Q: 74.1%, Mini3: 22.4%, Draws: 3.5% , epsilon 0.08864849605256084
After 234000 games - Mr.Q: 76.5%, Mini3: 20.5%, Draws: 3.0% , epsilon 0.08767642611864819
After 235000 games - Mr.Q: 77.3%, Mini3: 18.6%, Draws: 4.1% , epsilon 0.08669862776370815
After 236000 games - Mr.Q: 75.0%, Mini3: 21.1%, Draws: 3.9% , epsilon 0.08573456335540557
After 237000 games - Mr.Q: 75.7%, Mini3: 20.8%, Draws: 3.5% , epsilon 0.0847823212363158
After 238000 games - Mr.Q: 77.4%, Mini3: 18.7%, Draws: 3.9% , epsilon 0.08383461922785151
After 239000 games - Mr.Q: 79.4%, Mini3: 17.7%, Draws: 2.9% , epsilon 0.08292652991212558
After 240000 games - Mr.Q: 79.5%, Mini3: 18.0%, Draws: 2.5% , epsilon 0.08201113481397541
Saving the trained model, please wait...
Model saved successfully!
Number of states in Q-table: 759826
Q-table size: 29.33 MB
After 241000 games - Mr.Q: 77.2%, Mini3: 18.7%, Draws: 4.1% , epsilon 0.08108759765032142
After 242000 games - Mr.Q: 77.5%, Mini3: 18.5%, Draws: 4.0% , epsilon 0.08017710635091628
After 243000 games - Mr.Q: 78.3%, Mini3: 18.0%, Draws: 3.7% , epsilon 0.07929555004530338
After 244000 games - Mr.Q: 77.8%, Mini3: 18.3%, Draws: 3.9% , epsilon 0.07840980677939632
After 245000 games - Mr.Q: 78.7%, Mini3: 17.9%, Draws: 3.4% , epsilon 0.07755435152220126
After 246000 games - Mr.Q: 79.6%, Mini3: 17.1%, Draws: 3.3% , epsilon 0.07671122100917377
After 247000 games - Mr.Q: 79.4%, Mini3: 18.0%, Draws: 2.6% , epsilon 0.07587589079290254
After 248000 games - Mr.Q: 79.1%, Mini3: 17.3%, Draws: 3.6% , epsilon 0.07503637410365264
After 249000 games - Mr.Q: 80.8%, Mini3: 15.3%, Draws: 3.9% , epsilon 0.07421712944074685
After 250000 games - Mr.Q: 81.2%, Mini3: 16.0%, Draws: 2.8% , epsilon 0.07341607911194786
Saving the trained model, please wait...
Model saved successfully!
Number of states in Q-table: 763001
Q-table size: 29.33 MB
After 251000 games - Mr.Q: 79.0%, Mini3: 16.8%, Draws: 4.2% , epsilon 0.07260958715416188
After 252000 games - Mr.Q: 81.9%, Mini3: 14.7%, Draws: 3.4% , epsilon 0.07183730879732776
After 253000 games - Mr.Q: 82.2%, Mini3: 15.2%, Draws: 2.6% , epsilon 0.07106365017757983
After 254000 games - Mr.Q: 81.5%, Mini3: 15.3%, Draws: 3.2% , epsilon 0.07029298107449307
After 255000 games - Mr.Q: 82.2%, Mini3: 15.6%, Draws: 2.2% , epsilon 0.06954269955475352
After 256000 games - Mr.Q: 82.8%, Mini3: 14.8%, Draws: 2.4% , epsilon 0.06880276552042988
After 257000 games - Mr.Q: 80.1%, Mini3: 16.4%, Draws: 3.5% , epsilon 0.06805096672911562
After 258000 games - Mr.Q: 83.0%, Mini3: 13.9%, Draws: 3.1% , epsilon 0.0673145177088353
After 259000 games - Mr.Q: 83.8%, Mini3: 13.4%, Draws: 2.8% , epsilon 0.06659123247179916
After 260000 games - Mr.Q: 83.3%, Mini3: 12.9%, Draws: 3.8% , epsilon 0.06587163466518468
Saving the trained model, please wait...
Model saved successfully!
Number of states in Q-table: 765412
Q-table size: 29.33 MB
After 261000 games - Mr.Q: 82.9%, Mini3: 13.6%, Draws: 3.5% , epsilon 0.06517434523823946
After 262000 games - Mr.Q: 83.8%, Mini3: 12.5%, Draws: 3.7% , epsilon 0.0644705098827965
After 263000 games - Mr.Q: 87.4%, Mini3: 10.8%, Draws: 1.8% , epsilon 0.06380208709593568
After 264000 games - Mr.Q: 85.6%, Mini3: 12.5%, Draws: 1.9% , epsilon 0.06314097328408139
After 265000 games - Mr.Q: 83.4%, Mini3: 14.3%, Draws: 2.3% , epsilon 0.06246934099851499
After 266000 games - Mr.Q: 84.4%, Mini3: 13.2%, Draws: 2.4% , epsilon 0.06180633621922515
After 267000 games - Mr.Q: 81.8%, Mini3: 13.3%, Draws: 4.9% , epsilon 0.061134043120160034
After 268000 games - Mr.Q: 83.7%, Mini3: 13.3%, Draws: 3.0% , epsilon 0.06048575460442414
After 269000 games - Mr.Q: 83.2%, Mini3: 14.1%, Draws: 2.7% , epsilon 0.05983051833223042
After 270000 games - Mr.Q: 87.2%, Mini3: 10.3%, Draws: 2.5% , epsilon 0.05919640806393312
Saving the trained model, please wait...
Model saved successfully!
Number of states in Q-table: 767340
Q-table size: 29.33 MB
After 271000 games - Mr.Q: 86.0%, Mini3: 11.7%, Draws: 2.3% , epsilon 0.058569955488688825
After 272000 games - Mr.Q: 83.6%, Mini3: 12.6%, Draws: 3.8% , epsilon 0.05794201996281829
After 273000 games - Mr.Q: 82.3%, Mini3: 14.2%, Draws: 3.5% , epsilon 0.057310270543861924
After 274000 games - Mr.Q: 84.5%, Mini3: 12.5%, Draws: 3.0% , epsilon 0.05670400504447795
After 275000 games - Mr.Q: 84.9%, Mini3: 12.5%, Draws: 2.6% , epsilon 0.05609556973473175
After 276000 games - Mr.Q: 85.0%, Mini3: 11.8%, Draws: 3.2% , epsilon 0.055501599115382445
After 277000 games - Mr.Q: 86.0%, Mini3: 11.0%, Draws: 3.0% , epsilon 0.05491891517869995
After 278000 games - Mr.Q: 86.3%, Mini3: 10.4%, Draws: 3.3% , epsilon 0.05434598961465736
After 279000 games - Mr.Q: 87.9%, Mini3: 9.5%, Draws: 2.6% , epsilon 0.05378770005641275
After 280000 games - Mr.Q: 86.4%, Mini3: 10.6%, Draws: 3.0% , epsilon 0.05324483542011965
Saving the trained model, please wait...
Model saved successfully!
Number of states in Q-table: 768863
Q-table size: 29.33 MB
After 281000 games - Mr.Q: 87.0%, Mini3: 10.2%, Draws: 2.8% , epsilon 0.052687898922307
After 282000 games - Mr.Q: 88.3%, Mini3: 9.3%, Draws: 2.4% , epsilon 0.052144817621020884
After 283000 games - Mr.Q: 86.8%, Mini3: 10.4%, Draws: 2.8% , epsilon 0.05160950169295624
After 284000 games - Mr.Q: 84.9%, Mini3: 11.5%, Draws: 3.6% , epsilon 0.051063951162637
After 285000 games - Mr.Q: 87.4%, Mini3: 9.2%, Draws: 3.4% , epsilon 0.050528917001484604
After 286000 games - Mr.Q: 89.2%, Mini3: 7.9%, Draws: 2.9% , epsilon 0.050014040758154125
After 287000 games - Mr.Q: 87.7%, Mini3: 10.1%, Draws: 2.2% , epsilon 0.04950045077053955
After 288000 games - Mr.Q: 87.6%, Mini3: 10.0%, Draws: 2.4% , epsilon 0.04899252673425211
After 289000 games - Mr.Q: 87.4%, Mini3: 10.1%, Draws: 2.5% , epsilon 0.04848482030940121
After 290000 games - Mr.Q: 87.0%, Mini3: 9.8%, Draws: 3.2% , epsilon 0.04798429454815334
Saving the trained model, please wait...
Model saved successfully!
Number of states in Q-table: 770065
Q-table size: 29.33 MB
After 291000 games - Mr.Q: 88.3%, Mini3: 9.3%, Draws: 2.4% , epsilon 0.04749819713950689
After 292000 games - Mr.Q: 88.7%, Mini3: 9.3%, Draws: 2.0% , epsilon 0.04701058317050382
After 293000 games - Mr.Q: 88.0%, Mini3: 8.9%, Draws: 3.1% , epsilon 0.046523043314174096
After 294000 games - Mr.Q: 88.6%, Mini3: 8.8%, Draws: 2.6% , epsilon 0.04604949240160612
After 295000 games - Mr.Q: 89.4%, Mini3: 8.3%, Draws: 2.3% , epsilon 0.04558158215255098
After 296000 games - Mr.Q: 87.1%, Mini3: 9.7%, Draws: 3.2% , epsilon 0.04510606559182229
After 297000 games - Mr.Q: 89.6%, Mini3: 8.0%, Draws: 2.4% , epsilon 0.04464269661810513
After 298000 games - Mr.Q: 88.7%, Mini3: 9.1%, Draws: 2.2% , epsilon 0.044198405746919966
After 299000 games - Mr.Q: 89.3%, Mini3: 8.0%, Draws: 2.7% , epsilon 0.0437431362237608
After 300000 games - Mr.Q: 89.6%, Mini3: 8.4%, Draws: 2.0% , epsilon 0.04330026300867487
Saving the trained model, please wait...
Model saved successfully!
Number of states in Q-table: 771029
Q-table size: 29.33 MB
After 301000 games - Mr.Q: 89.4%, Mini3: 7.4%, Draws: 3.2% , epsilon 0.04285891625253229
After 302000 games - Mr.Q: 87.9%, Mini3: 9.2%, Draws: 2.9% , epsilon 0.042417741180727934
After 303000 games - Mr.Q: 89.9%, Mini3: 8.2%, Draws: 1.9% , epsilon 0.04198585155024941
After 304000 games - Mr.Q: 90.3%, Mini3: 7.6%, Draws: 2.1% , epsilon 0.04155865025014526
After 305000 games - Mr.Q: 89.9%, Mini3: 7.6%, Draws: 2.5% , epsilon 0.0411410202554634
After 306000 games - Mr.Q: 90.9%, Mini3: 7.3%, Draws: 1.8% , epsilon 0.0407261616548156
After 307000 games - Mr.Q: 88.5%, Mini3: 8.1%, Draws: 3.4% , epsilon 0.040308028734337725
After 308000 games - Mr.Q: 89.5%, Mini3: 7.4%, Draws: 3.1% , epsilon 0.039890877676142446
After 309000 games - Mr.Q: 89.6%, Mini3: 7.1%, Draws: 3.3% , epsilon 0.03947788583613889
After 310000 games - Mr.Q: 91.7%, Mini3: 6.4%, Draws: 1.9% , epsilon 0.039082611830063604
Saving the trained model, please wait...
Model saved successfully!
Number of states in Q-table: 771733
Q-table size: 29.33 MB
After 311000 games - Mr.Q: 89.6%, Mini3: 7.4%, Draws: 3.0% , epsilon 0.03868653678267628
After 312000 games - Mr.Q: 89.8%, Mini3: 7.4%, Draws: 2.8% , epsilon 0.038291412242956215
After 313000 games - Mr.Q: 90.4%, Mini3: 6.9%, Draws: 2.7% , epsilon 0.037904151431483846
After 314000 games - Mr.Q: 89.7%, Mini3: 7.6%, Draws: 2.7% , epsilon 0.037515179486631585
After 315000 games - Mr.Q: 91.7%, Mini3: 5.6%, Draws: 2.7% , epsilon 0.03713695748180169
After 316000 games - Mr.Q: 91.0%, Mini3: 6.2%, Draws: 2.8% , epsilon 0.036764313295951805
After 317000 games - Mr.Q: 89.2%, Mini3: 7.9%, Draws: 2.9% , epsilon 0.03638936720244119
After 318000 games - Mr.Q: 90.1%, Mini3: 7.4%, Draws: 2.5% , epsilon 0.03602638609750647
After 319000 games - Mr.Q: 91.6%, Mini3: 6.4%, Draws: 2.0% , epsilon 0.03566752504293992
After 320000 games - Mr.Q: 93.1%, Mini3: 4.9%, Draws: 2.0% , epsilon 0.03531139114149704
Saving the trained model, please wait...
Model saved successfully!
Number of states in Q-table: 772368
Q-table size: 29.33 MB
After 321000 games - Mr.Q: 91.3%, Mini3: 6.5%, Draws: 2.2% , epsilon 0.03495594666720991
After 322000 games - Mr.Q: 91.8%, Mini3: 6.6%, Draws: 1.6% , epsilon 0.03460681392879203
After 323000 games - Mr.Q: 92.2%, Mini3: 5.2%, Draws: 2.6% , epsilon 0.03425770805070477
After 324000 games - Mr.Q: 90.8%, Mini3: 6.5%, Draws: 2.7% , epsilon 0.03391829644675279
After 325000 games - Mr.Q: 92.7%, Mini3: 4.4%, Draws: 2.9% , epsilon 0.03357976260095218
After 326000 games - Mr.Q: 93.2%, Mini3: 5.4%, Draws: 1.4% , epsilon 0.03323859088238973
After 327000 games - Mr.Q: 92.5%, Mini3: 5.1%, Draws: 2.4% , epsilon 0.03291141545533138
After 328000 games - Mr.Q: 91.0%, Mini3: 6.4%, Draws: 2.6% , epsilon 0.03257983591706335
After 329000 games - Mr.Q: 90.4%, Mini3: 7.3%, Draws: 2.3% , epsilon 0.03225379019695751
After 330000 games - Mr.Q: 91.7%, Mini3: 6.0%, Draws: 2.3% , epsilon 0.03193228467602015
Saving the trained model, please wait...
Model saved successfully!
Number of states in Q-table: 772743
Q-table size: 29.33 MB
After 331000 games - Mr.Q: 92.2%, Mini3: 4.9%, Draws: 2.9% , epsilon 0.03161569112160563
After 332000 games - Mr.Q: 92.6%, Mini3: 5.0%, Draws: 2.4% , epsilon 0.03130674429194682
After 333000 games - Mr.Q: 92.1%, Mini3: 5.8%, Draws: 2.1% , epsilon 0.030995949725486357
After 334000 games - Mr.Q: 90.9%, Mini3: 6.8%, Draws: 2.3% , epsilon 0.030685540093240746
After 335000 games - Mr.Q: 91.4%, Mini3: 5.7%, Draws: 2.9% , epsilon 0.030382887293686062
After 336000 games - Mr.Q: 92.7%, Mini3: 5.1%, Draws: 2.2% , epsilon 0.03008171544756179
After 337000 games - Mr.Q: 91.1%, Mini3: 6.2%, Draws: 2.7% , epsilon 0.02977650089498439
After 338000 games - Mr.Q: 93.3%, Mini3: 4.8%, Draws: 1.9% , epsilon 0.02948027857382914
After 339000 games - Mr.Q: 95.0%, Mini3: 3.9%, Draws: 1.1% , epsilon 0.029197307964886194
After 340000 games - Mr.Q: 92.2%, Mini3: 5.9%, Draws: 1.9% , epsilon 0.028908726572781016
Saving the trained model, please wait...
Model saved successfully!
Number of states in Q-table: 773166
Q-table size: 29.33 MB
After 341000 games - Mr.Q: 94.1%, Mini3: 4.4%, Draws: 1.5% , epsilon 0.02862694771990212
After 342000 games - Mr.Q: 93.7%, Mini3: 4.6%, Draws: 1.7% , epsilon 0.028346979952821472
After 343000 games - Mr.Q: 93.0%, Mini3: 5.3%, Draws: 1.7% , epsilon 0.028067729283246686
After 344000 games - Mr.Q: 94.9%, Mini3: 4.4%, Draws: 0.7% , epsilon 0.02779570430744231
After 345000 games - Mr.Q: 93.2%, Mini3: 5.3%, Draws: 1.5% , epsilon 0.02752163664715784
After 346000 games - Mr.Q: 94.5%, Mini3: 4.3%, Draws: 1.2% , epsilon 0.02725375957359613
After 347000 games - Mr.Q: 94.6%, Mini3: 3.9%, Draws: 1.5% , epsilon 0.02699016317411573
After 348000 games - Mr.Q: 93.0%, Mini3: 5.1%, Draws: 1.9% , epsilon 0.026725534796617698
After 349000 games - Mr.Q: 93.6%, Mini3: 5.0%, Draws: 1.4% , epsilon 0.026468423672066078
After 350000 games - Mr.Q: 93.2%, Mini3: 4.9%, Draws: 1.9% , epsilon 0.02620636861142691
Saving the trained model, please wait...
Model saved successfully!
Number of states in Q-table: 773532
Q-table size: 29.33 MB
After 351000 games - Mr.Q: 93.6%, Mini3: 4.7%, Draws: 1.7% , epsilon 0.02594872441884083
After 352000 games - Mr.Q: 94.2%, Mini3: 3.6%, Draws: 2.2% , epsilon 0.025699394934841198
After 353000 games - Mr.Q: 94.9%, Mini3: 4.2%, Draws: 0.9% , epsilon 0.02545302110497141
After 354000 games - Mr.Q: 94.6%, Mini3: 4.1%, Draws: 1.3% , epsilon 0.025206135536221745
After 355000 games - Mr.Q: 93.6%, Mini3: 4.8%, Draws: 1.6% , epsilon 0.02495897391832539
After 356000 games - Mr.Q: 93.5%, Mini3: 5.2%, Draws: 1.3% , epsilon 0.024718017440939218
After 357000 games - Mr.Q: 95.0%, Mini3: 3.2%, Draws: 1.8% , epsilon 0.024478456982433495
After 358000 games - Mr.Q: 95.8%, Mini3: 2.7%, Draws: 1.5% , epsilon 0.024241775834961846
After 359000 games - Mr.Q: 95.0%, Mini3: 3.6%, Draws: 1.4% , epsilon 0.024005246584232674
After 360000 games - Mr.Q: 94.6%, Mini3: 3.9%, Draws: 1.5% , epsilon 0.023770003038679523
Saving the trained model, please wait...
Model saved successfully!
Number of states in Q-table: 773795
Q-table size: 29.33 MB
After 361000 games - Mr.Q: 94.9%, Mini3: 3.6%, Draws: 1.5% , epsilon 0.023538947844186243
After 362000 games - Mr.Q: 95.0%, Mini3: 3.3%, Draws: 1.7% , epsilon 0.023311537261798885
After 363000 games - Mr.Q: 93.9%, Mini3: 4.8%, Draws: 1.3% , epsilon 0.023085077072403207
After 364000 games - Mr.Q: 93.7%, Mini3: 5.0%, Draws: 1.3% , epsilon 0.02285530803727479
After 365000 games - Mr.Q: 95.8%, Mini3: 3.1%, Draws: 1.1% , epsilon 0.02263194456699348
After 366000 games - Mr.Q: 95.3%, Mini3: 3.2%, Draws: 1.5% , epsilon 0.022413946569723214
After 367000 games - Mr.Q: 96.4%, Mini3: 2.5%, Draws: 1.1% , epsilon 0.022197715429226213
After 368000 games - Mr.Q: 94.7%, Mini3: 3.2%, Draws: 2.1% , epsilon 0.021981965564319948
After 369000 games - Mr.Q: 95.8%, Mini3: 2.8%, Draws: 1.4% , epsilon 0.021770054207701714
After 370000 games - Mr.Q: 93.8%, Mini3: 4.5%, Draws: 1.7% , epsilon 0.02156059537439831
Saving the trained model, please wait...
Model saved successfully!
Number of states in Q-table: 773998
Q-table size: 29.33 MB
After 371000 games - Mr.Q: 94.9%, Mini3: 4.2%, Draws: 0.9% , epsilon 0.021353194538854727
After 372000 games - Mr.Q: 95.6%, Mini3: 2.7%, Draws: 1.7% , epsilon 0.021146816006634716
After 373000 games - Mr.Q: 95.2%, Mini3: 3.3%, Draws: 1.5% , epsilon 0.020942097045629042
After 374000 games - Mr.Q: 96.1%, Mini3: 2.8%, Draws: 1.1% , epsilon 0.020738696287079788
After 375000 games - Mr.Q: 95.8%, Mini3: 2.6%, Draws: 1.6% , epsilon 0.02054059837370456
After 376000 games - Mr.Q: 95.9%, Mini3: 2.4%, Draws: 1.7% , epsilon 0.020344718222667552
After 377000 games - Mr.Q: 95.9%, Mini3: 3.3%, Draws: 0.8% , epsilon 0.020149819420475966
After 378000 games - Mr.Q: 95.6%, Mini3: 3.4%, Draws: 1.0% , epsilon 0.019954353133531635
After 379000 games - Mr.Q: 96.3%, Mini3: 2.3%, Draws: 1.4% , epsilon 0.01976459719713713
After 380000 games - Mr.Q: 96.2%, Mini3: 2.9%, Draws: 0.9% , epsilon 0.019576939397000392
Saving the trained model, please wait...
Model saved successfully!
Number of states in Q-table: 774180
Q-table size: 29.33 MB
After 381000 games - Mr.Q: 96.0%, Mini3: 3.3%, Draws: 0.7% , epsilon 0.019389415169576603
After 382000 games - Mr.Q: 95.9%, Mini3: 2.8%, Draws: 1.3% , epsilon 0.019204109691332953
After 383000 games - Mr.Q: 96.1%, Mini3: 3.3%, Draws: 0.6% , epsilon 0.01902019477765892
After 384000 games - Mr.Q: 96.7%, Mini3: 2.6%, Draws: 0.7% , epsilon 0.01883824840956492
After 385000 games - Mr.Q: 97.0%, Mini3: 2.2%, Draws: 0.8% , epsilon 0.01865877021084271
After 386000 games - Mr.Q: 97.1%, Mini3: 1.9%, Draws: 1.0% , epsilon 0.01848151943560568
After 387000 games - Mr.Q: 94.9%, Mini3: 4.0%, Draws: 1.1% , epsilon 0.01830472601274764
After 388000 games - Mr.Q: 95.9%, Mini3: 2.7%, Draws: 1.4% , epsilon 0.018129986384479154
After 389000 games - Mr.Q: 96.9%, Mini3: 2.0%, Draws: 1.1% , epsilon 0.017957166245301033
After 390000 games - Mr.Q: 95.9%, Mini3: 2.4%, Draws: 1.7% , epsilon 0.017784108260056733
Saving the trained model, please wait...
Model saved successfully!
Number of states in Q-table: 774319
Q-table size: 29.33 MB
After 391000 games - Mr.Q: 95.8%, Mini3: 2.9%, Draws: 1.3% , epsilon 0.01761373964841048
After 392000 games - Mr.Q: 95.1%, Mini3: 3.1%, Draws: 1.8% , epsilon 0.017442717991057444
After 393000 games - Mr.Q: 97.5%, Mini3: 2.1%, Draws: 0.4% , epsilon 0.01727530887929249
